10932541
10932581
10935676
37988927
37988928
37988994
48122169
48123085
77934608
77934611
83443171
83443193
86128416
86128456
128590591
128590594
128600989
136388728
159273711
159273728
196993054
196993143
280673923
280673924
280675046
280675057
280675060
416476044
416476045
418198788
533298363
533298365
533298366
683630925
683630926
683630941
702472345
702472346
702472347
702472356
702472357
702472358
1090175344
1409119096
1409142399
1418589055
1418589057
1421493009
1421493010
1421505471
1421732702
1421732703
1423006547
1423006548
1423006549
1423256553
1423256555
1423262341
1423262343
1423262344
1423266098
1423266099
1424930079
1424930080
1424971656
1424971657
1425789335
1425789336
1426838321
1426838322
1426862958
1426862959
1427933678
1427933679
1428251850
1428251851
1428251852
1428257367
1428257368
1430512961
1430512962
1431165063
1431165064
1432213805
1432213806
1435056343
1435056344
1461510728
1461510729
1465508608
1465508610
1465508611
1465516578
1466959859
1466959860
1467174865
1467174866
1471526069
1471526070
1482925612
1482925613
1488069256
1490621273
1490621274
1517274677
1518555850
1518555851
1518556591