10920104
10930870
52285971
83530019
83530025
86215331
86215554
128731514
137298868
137298878
197309452
295583761
295583762
295583763
295583764
319202758
423383188
423383199
683719706
683719714
683719723
683719728
683719734
683719757
892816325
1377706208
1377706209
1377706210
1408712496
1414044841
1414044842
1416447614
1416447615
1419652231
1419652232
1419652234
1419652235
1419652236
1419652237
1419652238
1419919594
1424100784
1424100785
1424100786
1424100787
1425761291
1425761292
1426402317
1430821293
1430821294
1430821296
1431244545
1431244546
1431244547
1432478831
1432478832
1432497733
1432497734
1432499031
1432499032
1432511996
1432511997
1432511998
1432511999
1432512000
1432514180
1432534369
1432534370
1432761361
1432761362
1433577783
1433577784
1434009170
1434009171
1434306355
1434306356
1434534050
1434534051
1434536102
1434536103
1434556001
1434556002
1436117552
1436117553
1447888454
1447888455
1453115638
1453115640
1483301363
