77915056
77915001
77914953
77914904
77914836
77914824
77914771
77914655
77914590
77914565
77914463
698911874
698911873
698911872
698726011
698715033
698328095
698328094
65973547
430465380
430459906
430459905
430459898
430459897
430459896
430459895
430459893
430459892
430459522
430459521
419121664
419121663
419121661
419121660
419121659
419121657
419121656
419121655
419121653
363808789
27198378
27198377
194144097
194144075
194144065
194144039
160312425
160312424
1525050624
1521154358
128600970
128600968
128600961
128600959
10924244
